343
751
1312
1390
906
312
96
729
666
796
77
986
913
985
584
1176
704
392
860
238
1091
869
330
1241
629
1366
30
1345
13
542
1291
976
504
1149
1342
609
309
479
178
836
29
889
275
833
152
1021
350
289
989
305
825
695
996
483
363
1051
344
508
1198
217
44
569
179
209
802
134
2
517
498
503
567
933
926
407
919
817
1090
84
812
252
1033
625
1290
958
1168
89
899
1206
651
373
885
698
477
715
1267
1363
580
1128
531
506
466
1228
756
640
1247
788
691
1001
1349
149
1110
753
980
1113
973
1258
1337
1213
1011
872
1092
1276
279
1184
229
218
522
379
1271
12
641
764
187
1301
568
1192
920
1109
138
307
139
1251
950
224
746
987
381
934
1132
1286
556
642
1014
574
1107
247
964
858
132
199
1029
460
656
501
205
356
1299
43
51
741
1027
148
749
809
646
1025
1217
46
850
583
600
739
1322
233
198
929
770
541
220
597
1304
787
852
75
659
725
657
22
36
859
454
260
535
255
1268
645
727
186
959
1118
1008
28
1108
414
1355
707
62
779
494
1378
603
558
480
226
785
320
606
292
112
361
1333
887
888
1129
602
329
59
1215
143
941
93
393
58
553
909
803
798
961
733
1160
287
1124
306
155
1253
351
520
925
525
115
166
905
50
744
777
1060
502
1310
1179
83
516
92
56
319
211
601
1234
1079
222
1346
1024
811
838
1305
125
159
766
1383
617
937
207
324
1313
440
1245
450
939
654
1180
638
880
274
278
1266
181
804
481
81
521
1226
686
1317
781
1131
673
716
1259
1138
342
317
970
818
681
497
513
672
829
314
1139
743
47
898
162
962
797
35
1257
1369
1158
203
823
225
142
339
555
280
876
69
767
1364
346
674
1332
1220
249
563
261
524
648
64
73
484
364
1042
1104
18
415
444
422
712
370
755
285
678
612
291
42
1126
37
175
1059
1236
131
902
846
121
1199
1379
636
451
901
936
1237
588
945
293
822
273
615
442
1056
266
156
637
1334
1095
371
418
879
297
1232
398
623
145
200
999
1083
1327
491
1252
644
1054
677
1063
1148
843
1145
1225
1034
236
244
1114
482
1361
1088
576
564
194
828
883
1320
752
168
611
922
1030
298
821
702
251
533
1343
4
618
1097
800
841
1353
1040
221
819
1344
951
488
663
965
505
417
793
295
596
726
123
321
55
1093
735
921
701
1274
1368
1372
1296
443
998
7
213
604
1283
1009
519
865
703
854
792
1050
1210
439
1106
886
216
1103
256
1169
299
1272
386
546
1195
607
1147
86
1112
456
421
910
103
48
694
144
1224
259
529
130
70
367
1381
839
1000
1038
765
1111
730
1078
877
410
685
214
904
431
974
830
578
1117
369
1370
1105
359
884
1235
110
946
241
158
786
1212
579
487
1031
63
173
120
432
91
33
778
1354
1013
109
1335
294
699
912
847
119
978
202
624
185
462
768
550
963
1142
1150
14
1171
308
116
534
137
942
844
1102
357
540
807
1099
757
1173
429
1141
620
323
54
1314
404
387
405
355
1385
1005
1209
772
1074
745
114
1223
1377
689
1262
243
270
720
117
1315
1284
424
1230
1197
687
639
128
776
1137
573
991
104
728
105
1254
1146
671
750
389
977
1348
1240
1324
1214
52
1356
384
101
204
1136
1297
16
1246
960
975
632
1261
545
1072
1388
349
1133
471
11
332
1172
740
993
1382
206
208
530
1178
1306
1164
223
737
780
151
468
430
94
1190
1100
692
1384
1167
250
1115
943
465
621
512
474
388
893
903
790
824
515
972
1298
1188
174
499
1174
34
411
1300
1181
1338
283
1166
667
581
971
1351
957
1125
478
184
1140
1350
510
106
723
40
1359
302
172
669
592
1352
368
68
1200
231
608
1386
923
848
837
337
1032
952
610
19
1389
862
1048
668
1151
496
1144
140
598
500
347
518
38
1120
789
67
17
425
664
1015
1307
412
679
1082
227
1098
1085
538
548
65
808
932
1295
1392
944
1365
272
135
551
1047
15
111
423
895
234
867
1248
684
262
1221
979
1071
561
1084
549
590
774
341
864
1081
495
890
1023
180
348
31
760
1066
354
554
1143
1318
1374
1367
1211
1278
6
296
434
1263
267
240
1165
277
210
1339
983
826
1003
1282
827
738
153
853
736
1086
1231
486
448
435
719
246
709
875
345
1204
1242
628
365
982
754
333
562
1162
1394
190
1201
397
992
95
1043
1065
72
810
697
1170
1094
197
585
708
866
8
1275
870
653
447
1077
1329
335
378
74
360
914
1019
452
981
748
871
994
918
1089
732
328
742
1336
1285
290
1070
911
1238
97
587
20
406
915
136
100
99
237
527
1004
102
127
124
1036
917
940
382
1216
326
575
1357
1096
717
661
560
176
1265
286
171
1302
570
1002
891
396
771
1270
401
239
662
714
1311
1135
71
1006
338
258
470
523
1264
340
1175
931
469
230
79
1321
947
169
956
1191
710
